
D: 15 M: 0.2514866859365871 T: 250 alpha_c_idx: 7 alpha_f_idx: 3
[0.46666667 0.46666667 0.46666667 0.46666667 0.46666667 0.46666667
 0.46666667 0.46666667 0.46666667 0.46666667 0.46666667 0.46666667
 0.46666667 0.46666667 0.46666667 0.46666667][0.46666667 0.46666667 0.46666667 0.46666667 0.46666667 0.46666667
 0.46666667 0.46666667 0.46666667 0.46666667 0.46666667 0.46666667
 0.46666667 0.46666667 0.46666667 0.46666667][0.46666667 0.46666667 0.46666667 0.46666667 0.46666667 0.46666667
 0.46666667 0.46666667 0.46666667 0.46666667 0.46666667 0.46666667
 0.46666667 0.46666667 0.46666667 0.46666667][0.46666667 0.46666667 0.46666667 0.46666667 0.46666667 0.46666667
 0.46666667 0.46666667 0.46666667 0.46666667 0.46666667 0.46666667
 0.46666667 0.46666667 0.46666667 0.46666667][0.46666667 0.2        0.2        0.2        0.46666667 0.46666667
 0.46666667 0.46666667 0.46666667 0.46666667 0.46666667 0.46666667
 0.46666667 0.46666667 0.46666667 0.46666667][0.2        0.2        0.2        0.2        0.46666667 0.46666667
 0.46666667 0.46666667 0.46666667 0.46666667 0.46666667 0.46666667
 0.46666667 0.46666667 0.46666667 0.46666667][0.2        0.2        0.2        0.2        0.46666667 0.46666667
 0.46666667 0.46666667 0.46666667 0.46666667 0.46666667 0.46666667
 0.46666667 0.46666667 0.46666667 0.46666667][0.46666667 0.46666667 0.46666667 0.46666667 0.46666667 0.46666667
 0.46666667 0.46666667 0.46666667 0.46666667 0.46666667 0.46666667
 0.46666667 0.46666667 0.46666667 0.46666667][0.46666667 0.46666667 0.46666667 0.46666667 0.46666667 0.46666667
 0.46666667 0.46666667 0.46666667 0.46666667 0.46666667 0.46666667
 0.46666667 0.46666667 0.46666667 0.46666667][0.46666667 0.46666667 0.46666667 0.46666667 0.46666667 0.46666667
 0.46666667 0.46666667 0.46666667 0.46666667 0.46666667 0.46666667
 0.46666667 0.46666667 0.46666667 0.46666667][0.46666667 0.46666667 0.46666667 0.46666667 0.46666667 0.46666667
 0.46666667 0.46666667 0.46666667 0.46666667 0.46666667 0.46666667
 0.46666667 0.46666667 0.46666667 0.46666667][0.46666667 0.46666667 0.46666667 0.46666667 0.46666667 0.46666667
 0.46666667 0.46666667 0.46666667 0.46666667 0.46666667 0.46666667
 0.46666667 0.46666667 0.46666667 0.46666667][0.46666667 0.46666667 0.46666667 0.46666667 0.46666667 0.46666667
 0.46666667 0.46666667 0.46666667 0.46666667 0.46666667 0.46666667
 0.46666667 0.46666667 0.46666667 0.46666667][0.46666667 0.46666667 0.46666667 0.46666667 0.46666667 0.46666667
 0.46666667 0.46666667 0.46666667 0.46666667 0.46666667 0.46666667
 0.46666667 0.46666667 0.46666667 0.46666667][0.46666667 0.46666667 0.46666667 0.46666667 0.46666667 0.46666667
 0.46666667 0.46666667 0.46666667 0.46666667 0.46666667 0.46666667
 0.46666667 0.46666667 0.46666667 0.46666667][0.46666667 0.46666667 0.46666667 0.46666667 0.46666667 0.46666667
 0.46666667 0.46666667 0.46666667 0.46666667 0.46666667 0.46666667
 0.46666667 0.46666667 0.46666667 0.46666667]

D: 20 M: 0.24028114141347545 T: 300 alpha_c_idx: 10 alpha_f_idx: 5
[0.25 0.25 0.25 0.25 0.25 0.25 0.5  0.5  0.5  0.5  0.5  0.5  0.5  0.25
 0.25 0.25 0.25 0.25 0.25 0.25 0.25][0.25 0.25 0.25 0.25 0.25 0.25 0.5  0.5  0.5  0.5  0.5  0.5  0.5  0.25
 0.25 0.25 0.25 0.25 0.25 0.25 0.25][0.25 0.25 0.25 0.25 0.25 0.25 0.5  0.5  0.5  0.5  0.5  0.5  0.25 0.25
 0.25 0.25 0.25 0.25 0.25 0.25 0.25][0.25 0.25 0.25 0.25 0.25 0.25 0.5  0.5  0.5  0.5  0.5  0.25 0.25 0.25
 0.25 0.25 0.25 0.25 0.25 0.25 0.25][0.25 0.25 0.25 0.25 0.25 0.25 0.25 0.25 0.25 0.25 0.5  0.25 0.25 0.25
 0.25 0.25 0.25 0.25 0.25 0.25 0.25][0.25 0.25 0.25 0.25 0.25 0.25 0.25 0.25 0.25 0.25 0.25 0.25 0.25 0.25
 0.25 0.25 0.25 0.25 0.25 0.25 0.25][0.25 0.25 0.25 0.25 0.25 0.25 0.25 0.25 0.25 0.25 0.25 0.25 0.25 0.25
 0.25 0.25 0.25 0.25 0.25 0.25 0.25][0.25 0.25 0.25 0.25 0.25 0.25 0.25 0.25 0.25 0.25 0.25 0.25 0.25 0.25
 0.25 0.25 0.25 0.25 0.25 0.25 0.25][0.25 0.25 0.25 0.25 0.25 0.25 0.25 0.25 0.25 0.25 0.25 0.25 0.25 0.25
 0.25 0.25 0.25 0.25 0.25 0.25 0.25][0.25 0.25 0.25 0.25 0.25 0.25 0.25 0.25 0.25 0.25 0.25 0.25 0.25 0.25
 0.25 0.25 0.25 0.25 0.25 0.25 0.25][0.25 0.25 0.25 0.25 0.25 0.25 0.5  0.5  0.5  0.5  0.5  0.5  0.5  0.25
 0.25 0.25 0.25 0.25 0.25 0.25 0.25][0.25 0.25 0.25 0.25 0.25 0.25 0.5  0.5  0.5  0.5  0.5  0.5  0.5  0.25
 0.25 0.25 0.25 0.25 0.25 0.25 0.25][0.25 0.25 0.25 0.25 0.25 0.25 0.5  0.5  0.5  0.5  0.5  0.5  0.5  0.25
 0.25 0.25 0.25 0.25 0.25 0.25 0.25][0.25 0.25 0.25 0.25 0.25 0.25 0.5  0.5  0.5  0.5  0.5  0.5  0.5  0.25
 0.25 0.25 0.25 0.25 0.25 0.25 0.25][0.25 0.25 0.25 0.25 0.25 0.25 0.5  0.5  0.5  0.5  0.5  0.5  0.5  0.25
 0.25 0.25 0.25 0.25 0.25 0.25 0.25][0.25 0.25 0.25 0.25 0.25 0.25 0.5  0.5  0.5  0.5  0.5  0.5  0.5  0.25
 0.25 0.25 0.25 0.25 0.25 0.25 0.25][0.25 0.25 0.25 0.25 0.25 0.25 0.5  0.5  0.5  0.5  0.5  0.5  0.5  0.25
 0.25 0.25 0.25 0.25 0.25 0.25 0.25][0.25 0.25 0.25 0.25 0.25 0.25 0.5  0.5  0.5  0.5  0.5  0.5  0.5  0.25
 0.25 0.25 0.25 0.25 0.25 0.25 0.25][0.25 0.25 0.25 0.25 0.25 0.25 0.5  0.5  0.5  0.5  0.5  0.5  0.5  0.25
 0.25 0.25 0.25 0.25 0.25 0.25 0.25][0.25 0.25 0.25 0.25 0.25 0.25 0.5  0.5  0.5  0.5  0.5  0.5  0.5  0.25
 0.25 0.25 0.25 0.25 0.25 0.25 0.25][0.25 0.25 0.25 0.25 0.25 0.25 0.5  0.5  0.5  0.5  0.5  0.5  0.5  0.25
 0.25 0.25 0.25 0.25 0.25 0.25 0.25]

D: 20 M: 0.24028114141347545 T: 300 alpha_c_idx: 10 alpha_f_idx: 5
[0.25 0.25 0.25 0.25 0.25 0.25 0.5  0.5  0.5  0.5  0.5  0.5  0.5  0.25
 0.25 0.25 0.25 0.25 0.25 0.25 0.25][0.25 0.25 0.25 0.25 0.25 0.25 0.5  0.5  0.5  0.5  0.5  0.5  0.5  0.25
 0.25 0.25 0.25 0.25 0.25 0.25 0.25][0.25 0.25 0.25 0.25 0.25 0.25 0.5  0.5  0.5  0.5  0.5  0.5  0.25 0.25
 0.25 0.25 0.25 0.25 0.25 0.25 0.25][0.25 0.25 0.25 0.25 0.25 0.25 0.5  0.5  0.5  0.5  0.5  0.25 0.25 0.25
 0.25 0.25 0.25 0.25 0.25 0.25 0.25][0.25 0.25 0.25 0.25 0.25 0.25 0.25 0.25 0.25 0.25 0.5  0.25 0.25 0.25
 0.25 0.25 0.25 0.25 0.25 0.25 0.25][0.25 0.25 0.25 0.25 0.25 0.25 0.25 0.25 0.25 0.25 0.25 0.25 0.25 0.25
 0.25 0.25 0.25 0.25 0.25 0.25 0.25][0.25 0.25 0.25 0.25 0.25 0.25 0.25 0.25 0.25 0.25 0.25 0.25 0.25 0.25
 0.25 0.25 0.25 0.25 0.25 0.25 0.25][0.25 0.25 0.25 0.25 0.25 0.25 0.25 0.25 0.25 0.25 0.25 0.25 0.25 0.25
 0.25 0.25 0.25 0.25 0.25 0.25 0.25][0.25 0.25 0.25 0.25 0.25 0.25 0.25 0.25 0.25 0.25 0.25 0.25 0.25 0.25
 0.25 0.25 0.25 0.25 0.25 0.25 0.25][0.25 0.25 0.25 0.25 0.25 0.25 0.25 0.25 0.25 0.25 0.25 0.25 0.25 0.25
 0.25 0.25 0.25 0.25 0.25 0.25 0.25][0.25 0.25 0.25 0.25 0.25 0.25 0.5  0.5  0.5  0.5  0.5  0.5  0.5  0.25
 0.25 0.25 0.25 0.25 0.25 0.25 0.25][0.25 0.25 0.25 0.25 0.25 0.25 0.5  0.5  0.5  0.5  0.5  0.5  0.5  0.25
 0.25 0.25 0.25 0.25 0.25 0.25 0.25][0.25 0.25 0.25 0.25 0.25 0.25 0.5  0.5  0.5  0.5  0.5  0.5  0.5  0.25
 0.25 0.25 0.25 0.25 0.25 0.25 0.25][0.25 0.25 0.25 0.25 0.25 0.25 0.5  0.5  0.5  0.5  0.5  0.5  0.5  0.25
 0.25 0.25 0.25 0.25 0.25 0.25 0.25][0.25 0.25 0.25 0.25 0.25 0.25 0.5  0.5  0.5  0.5  0.5  0.5  0.5  0.25
 0.25 0.25 0.25 0.25 0.25 0.25 0.25][0.25 0.25 0.25 0.25 0.25 0.25 0.5  0.5  0.5  0.5  0.5  0.5  0.5  0.25
 0.25 0.25 0.25 0.25 0.25 0.25 0.25][0.25 0.25 0.25 0.25 0.25 0.25 0.5  0.5  0.5  0.5  0.5  0.5  0.5  0.25
 0.25 0.25 0.25 0.25 0.25 0.25 0.25][0.25 0.25 0.25 0.25 0.25 0.25 0.5  0.5  0.5  0.5  0.5  0.5  0.5  0.25
 0.25 0.25 0.25 0.25 0.25 0.25 0.25][0.25 0.25 0.25 0.25 0.25 0.25 0.5  0.5  0.5  0.5  0.5  0.5  0.5  0.25
 0.25 0.25 0.25 0.25 0.25 0.25 0.25][0.25 0.25 0.25 0.25 0.25 0.25 0.5  0.5  0.5  0.5  0.5  0.5  0.5  0.25
 0.25 0.25 0.25 0.25 0.25 0.25 0.25][0.25 0.25 0.25 0.25 0.25 0.25 0.5  0.5  0.5  0.5  0.5  0.5  0.5  0.25
 0.25 0.25 0.25 0.25 0.25 0.25 0.25]

D: 25 M: 0.24028114141347545 T: 300 alpha_c_idx: 6 alpha_f_idx: 12
[0.24 0.24 0.24 0.24 0.24 0.24 0.24 0.24 0.24 0.24 0.24 0.24 0.24 0.24
 0.24 0.24 0.24 0.24 0.24 0.24 0.24 0.24 0.24 0.24 0.24 0.24]
[0.24 0.24 0.24 0.24 0.24 0.24 0.24 0.24 0.24 0.24 0.24 0.24 0.24 0.24
 0.24 0.24 0.24 0.24 0.24 0.24 0.24 0.24 0.24 0.24 0.24 0.24]
[0.24 0.24 0.24 0.24 0.24 0.24 0.24 0.24 0.24 0.24 0.24 0.24 0.24 0.24
 0.24 0.24 0.24 0.24 0.24 0.24 0.24 0.24 0.24 0.24 0.24 0.24]
[0.24 0.24 0.24 0.24 0.24 0.24 0.24 0.24 0.24 0.24 0.24 0.24 0.24 0.24
 0.24 0.24 0.24 0.24 0.24 0.24 0.24 0.24 0.24 0.24 0.24 0.24]
[0.24 0.24 0.24 0.24 0.24 0.24 0.24 0.24 0.24 0.24 0.24 0.24 0.24 0.24
 0.24 0.24 0.24 0.24 0.24 0.24 0.24 0.24 0.24 0.24 0.24 0.24]
[0.24 0.24 0.24 0.24 0.24 0.24 0.24 0.24 0.24 0.24 0.24 0.24 0.24 0.24
 0.24 0.24 0.24 0.24 0.24 0.24 0.24 0.24 0.24 0.24 0.24 0.24]
[0.24 0.24 0.24 0.24 0.24 0.24 0.24 0.24 0.24 0.24 0.24 0.24 0.24 0.24
 0.24 0.24 0.24 0.24 0.24 0.24 0.24 0.24 0.24 0.24 0.24 0.24]
[0.24 0.24 0.24 0.24 0.24 0.24 0.24 0.24 0.24 0.24 0.24 0.24 0.24 0.24
 0.24 0.24 0.24 0.24 0.24 0.24 0.24 0.24 0.24 0.24 0.24 0.24]
[0.24 0.24 0.24 0.24 0.24 0.24 0.24 0.24 0.24 0.24 0.24 0.24 0.24 0.24
 0.24 0.24 0.24 0.24 0.24 0.24 0.24 0.24 0.24 0.24 0.24 0.24]
[0.24 0.24 0.24 0.24 0.24 0.24 0.24 0.24 0.24 0.24 0.24 0.24 0.24 0.24
 0.24 0.24 0.24 0.24 0.24 0.24 0.24 0.24 0.24 0.24 0.24 0.24]
[0.24 0.24 0.24 0.24 0.24 0.24 0.24 0.24 0.24 0.24 0.24 0.24 0.24 0.24
 0.24 0.24 0.24 0.24 0.24 0.24 0.24 0.24 0.24 0.24 0.24 0.24]
[0.24 0.24 0.24 0.24 0.24 0.24 0.24 0.24 0.24 0.24 0.24 0.24 0.24 0.24
 0.24 0.24 0.24 0.24 0.24 0.24 0.24 0.24 0.24 0.24 0.24 0.24]
[0.24 0.24 0.24 0.24 0.24 0.24 0.24 0.24 0.24 0.24 0.24 0.24 0.24 0.24
 0.24 0.24 0.24 0.24 0.24 0.24 0.24 0.24 0.24 0.24 0.24 0.24]
[0.24 0.24 0.24 0.24 0.24 0.24 0.24 0.24 0.24 0.24 0.24 0.24 0.24 0.24
 0.24 0.24 0.24 0.24 0.24 0.24 0.24 0.24 0.24 0.24 0.24 0.24]
[0.24 0.24 0.24 0.24 0.24 0.24 0.24 0.24 0.24 0.24 0.24 0.24 0.24 0.24
 0.24 0.24 0.24 0.24 0.24 0.24 0.24 0.24 0.24 0.24 0.24 0.24]
[0.24 0.24 0.24 0.24 0.24 0.24 0.24 0.24 0.24 0.24 0.24 0.24 0.24 0.24
 0.24 0.24 0.24 0.24 0.24 0.24 0.24 0.24 0.24 0.24 0.24 0.24]
[0.24 0.24 0.24 0.24 0.24 0.24 0.24 0.24 0.24 0.24 0.24 0.24 0.24 0.24
 0.24 0.24 0.24 0.24 0.24 0.24 0.24 0.24 0.24 0.24 0.24 0.24]
[0.24 0.24 0.24 0.24 0.24 0.24 0.24 0.24 0.24 0.24 0.24 0.24 0.24 0.24
 0.24 0.24 0.24 0.24 0.24 0.24 0.24 0.24 0.24 0.24 0.24 0.24]
[0.24 0.24 0.24 0.24 0.24 0.24 0.24 0.24 0.24 0.24 0.24 0.24 0.24 0.24
 0.24 0.24 0.24 0.24 0.24 0.24 0.24 0.24 0.24 0.24 0.24 0.24]
[0.24 0.24 0.24 0.24 0.24 0.24 0.24 0.24 0.24 0.24 0.24 0.24 0.24 0.24
 0.24 0.24 0.24 0.24 0.24 0.24 0.24 0.24 0.24 0.24 0.24 0.24]
[0.24 0.24 0.24 0.24 0.24 0.24 0.24 0.24 0.24 0.24 0.24 0.24 0.24 0.24
 0.24 0.24 0.24 0.24 0.24 0.24 0.24 0.24 0.24 0.24 0.24 0.24]
[0.24 0.24 0.24 0.24 0.24 0.24 0.24 0.24 0.24 0.24 0.24 0.24 0.24 0.24
 0.24 0.24 0.24 0.24 0.24 0.24 0.24 0.24 0.24 0.24 0.24 0.24]
[0.24 0.24 0.24 0.24 0.24 0.24 0.24 0.24 0.24 0.24 0.24 0.24 0.24 0.24
 0.24 0.24 0.24 0.24 0.24 0.24 0.24 0.24 0.24 0.24 0.24 0.24]
[0.24 0.24 0.24 0.24 0.24 0.24 0.24 0.24 0.24 0.24 0.24 0.24 0.24 0.24
 0.24 0.24 0.24 0.24 0.24 0.24 0.24 0.24 0.24 0.24 0.24 0.24]
[0.24 0.24 0.24 0.24 0.24 0.24 0.24 0.24 0.24 0.24 0.24 0.24 0.24 0.24
 0.24 0.24 0.24 0.24 0.24 0.24 0.24 0.24 0.24 0.24 0.24 0.24]
[0.24 0.24 0.24 0.24 0.24 0.24 0.24 0.24 0.24 0.24 0.24 0.24 0.24 0.24
 0.24 0.24 0.24 0.24 0.24 0.24 0.24 0.24 0.24 0.24 0.24 0.24]


D: 25 M: 0.24028114141347545 T: 300 alpha_c_idx: 12 alpha_f_idx: 6
[0.48 0.24 0.24 0.24 0.24 0.24 0.24 0.48 0.48 0.48 0.48 0.48 0.48 0.48
 0.48 0.48 0.48 0.48 0.48 0.48 0.48 0.48 0.48 0.48 0.48 0.48]
[0.24 0.24 0.24 0.24 0.24 0.24 0.24 0.48 0.48 0.48 0.48 0.48 0.48 0.48
 0.48 0.48 0.48 0.48 0.48 0.48 0.48 0.48 0.48 0.48 0.48 0.48]
[0.24 0.24 0.24 0.24 0.24 0.24 0.24 0.48 0.48 0.48 0.48 0.48 0.48 0.48
 0.48 0.48 0.48 0.48 0.48 0.48 0.48 0.48 0.48 0.48 0.48 0.48]
[0.24 0.24 0.24 0.24 0.24 0.24 0.24 0.48 0.48 0.48 0.48 0.48 0.48 0.48
 0.48 0.48 0.48 0.48 0.48 0.48 0.48 0.48 0.48 0.48 0.48 0.48]
[0.24 0.24 0.24 0.24 0.24 0.24 0.24 0.48 0.48 0.48 0.48 0.48 0.48 0.48
 0.48 0.48 0.48 0.48 0.48 0.48 0.48 0.48 0.48 0.48 0.48 0.48]
[0.24 0.24 0.24 0.24 0.24 0.24 0.24 0.48 0.48 0.48 0.48 0.48 0.48 0.48
 0.48 0.48 0.24 0.24 0.24 0.24 0.24 0.24 0.24 0.24 0.24 0.24]
[0.24 0.24 0.24 0.24 0.24 0.24 0.24 0.48 0.48 0.48 0.48 0.48 0.48 0.48
 0.48 0.24 0.24 0.24 0.24 0.24 0.24 0.24 0.24 0.24 0.24 0.24]
[0.24 0.24 0.24 0.24 0.24 0.24 0.24 0.48 0.48 0.48 0.48 0.48 0.48 0.48
 0.24 0.24 0.24 0.24 0.24 0.24 0.24 0.24 0.24 0.24 0.24 0.24]
[0.24 0.24 0.24 0.24 0.24 0.24 0.24 0.48 0.48 0.48 0.48 0.48 0.48 0.24
 0.24 0.24 0.24 0.24 0.24 0.24 0.24 0.24 0.24 0.24 0.24 0.24]
[0.24 0.24 0.24 0.24 0.24 0.24 0.24 0.24 0.24 0.24 0.48 0.48 0.48 0.24
 0.24 0.24 0.24 0.24 0.24 0.24 0.24 0.24 0.24 0.24 0.24 0.24]
[0.24 0.24 0.24 0.24 0.24 0.24 0.24 0.24 0.24 0.24 0.24 0.24 0.24 0.24
 0.24 0.24 0.24 0.24 0.24 0.24 0.24 0.24 0.24 0.24 0.24 0.24]
[0.24 0.24 0.24 0.24 0.24 0.24 0.24 0.24 0.24 0.24 0.24 0.24 0.24 0.24
 0.24 0.24 0.24 0.24 0.24 0.24 0.24 0.24 0.24 0.24 0.24 0.24]
[0.48 0.24 0.24 0.24 0.24 0.24 0.24 0.48 0.48 0.48 0.48 0.48 0.48 0.48
 0.48 0.48 0.48 0.48 0.48 0.48 0.48 0.48 0.48 0.48 0.48 0.48]
[0.48 0.24 0.24 0.24 0.24 0.24 0.24 0.48 0.48 0.48 0.48 0.48 0.48 0.48
 0.48 0.48 0.48 0.48 0.48 0.48 0.48 0.48 0.48 0.48 0.48 0.48]
[0.48 0.24 0.24 0.24 0.24 0.24 0.24 0.48 0.48 0.48 0.48 0.48 0.48 0.48
 0.48 0.48 0.48 0.48 0.48 0.48 0.48 0.48 0.48 0.48 0.48 0.48]
[0.48 0.24 0.24 0.24 0.24 0.24 0.24 0.48 0.48 0.48 0.48 0.48 0.48 0.48
 0.48 0.48 0.48 0.48 0.48 0.48 0.48 0.48 0.48 0.48 0.48 0.48]
[0.48 0.24 0.24 0.24 0.24 0.24 0.24 0.48 0.48 0.48 0.48 0.48 0.48 0.48
 0.48 0.48 0.48 0.48 0.48 0.48 0.48 0.48 0.48 0.48 0.48 0.48]
[0.48 0.24 0.24 0.24 0.24 0.24 0.24 0.48 0.48 0.48 0.48 0.48 0.48 0.48
 0.48 0.48 0.48 0.48 0.48 0.48 0.48 0.48 0.48 0.48 0.48 0.48]
[0.48 0.24 0.24 0.24 0.24 0.24 0.24 0.48 0.48 0.48 0.48 0.48 0.48 0.48
 0.48 0.48 0.48 0.48 0.48 0.48 0.48 0.48 0.48 0.48 0.48 0.48]
[0.48 0.24 0.24 0.24 0.24 0.24 0.24 0.48 0.48 0.48 0.48 0.48 0.48 0.48
 0.48 0.48 0.48 0.48 0.48 0.48 0.48 0.48 0.48 0.48 0.48 0.48]
[0.48 0.24 0.24 0.24 0.24 0.24 0.24 0.48 0.48 0.48 0.48 0.48 0.48 0.48
 0.48 0.48 0.48 0.48 0.48 0.48 0.48 0.48 0.48 0.48 0.48 0.48]
[0.48 0.24 0.24 0.24 0.24 0.24 0.24 0.48 0.48 0.48 0.48 0.48 0.48 0.48
 0.48 0.48 0.48 0.48 0.48 0.48 0.48 0.48 0.48 0.48 0.48 0.48]
[0.48 0.24 0.24 0.24 0.24 0.24 0.24 0.48 0.48 0.48 0.48 0.48 0.48 0.48
 0.48 0.48 0.48 0.48 0.48 0.48 0.48 0.48 0.48 0.48 0.48 0.48]
[0.48 0.24 0.24 0.24 0.24 0.24 0.24 0.48 0.48 0.48 0.48 0.48 0.48 0.48
 0.48 0.48 0.48 0.48 0.48 0.48 0.48 0.48 0.48 0.48 0.48 0.48]
[0.48 0.24 0.24 0.24 0.24 0.24 0.24 0.48 0.48 0.48 0.48 0.48 0.48 0.48
 0.48 0.48 0.48 0.48 0.48 0.48 0.48 0.48 0.48 0.48 0.48 0.48]
[0.48 0.24 0.24 0.24 0.24 0.24 0.24 0.48 0.48 0.48 0.48 0.48 0.48 0.48
 0.48 0.48 0.48 0.48 0.48 0.48 0.48 0.48 0.48 0.48 0.48 0.48]


D: 25 M: 0.24028114141347545 T: 300 alpha_c_idx: 8 alpha_f_idx: 8
[0.32 0.32 0.32 0.32 0.32 0.32 0.32 0.32 0.32 0.32 0.32 0.32 0.32 0.32
 0.32 0.32 0.32 0.32 0.32 0.32 0.32 0.32 0.32 0.32 0.32 0.32]
[0.32 0.32 0.32 0.32 0.32 0.32 0.32 0.32 0.32 0.32 0.32 0.32 0.32 0.32
 0.32 0.32 0.32 0.32 0.32 0.32 0.32 0.32 0.32 0.32 0.32 0.32]
[0.32 0.32 0.32 0.32 0.32 0.32 0.32 0.32 0.32 0.32 0.32 0.32 0.32 0.32
 0.32 0.32 0.32 0.32 0.32 0.32 0.32 0.32 0.32 0.32 0.32 0.32]
[0.32 0.32 0.32 0.32 0.32 0.32 0.32 0.32 0.32 0.32 0.32 0.32 0.32 0.32
 0.32 0.32 0.32 0.32 0.32 0.32 0.32 0.32 0.32 0.32 0.32 0.32]
[0.32 0.32 0.32 0.32 0.32 0.32 0.32 0.32 0.32 0.32 0.32 0.32 0.32 0.32
 0.32 0.32 0.32 0.32 0.32 0.32 0.32 0.32 0.32 0.32 0.32 0.32]
[0.32 0.32 0.32 0.32 0.32 0.32 0.32 0.32 0.32 0.32 0.32 0.32 0.32 0.32
 0.32 0.32 0.32 0.32 0.32 0.32 0.32 0.32 0.32 0.32 0.32 0.32]
[0.32 0.32 0.32 0.32 0.32 0.32 0.32 0.32 0.32 0.32 0.32 0.32 0.32 0.32
 0.32 0.32 0.32 0.32 0.32 0.32 0.32 0.32 0.32 0.32 0.32 0.32]
[0.32 0.32 0.32 0.32 0.32 0.32 0.32 0.32 0.32 0.32 0.32 0.32 0.32 0.32
 0.32 0.32 0.32 0.32 0.32 0.32 0.32 0.32 0.32 0.32 0.32 0.32]
[0.32 0.32 0.32 0.32 0.32 0.32 0.32 0.32 0.32 0.32 0.32 0.32 0.32 0.32
 0.32 0.32 0.32 0.32 0.32 0.32 0.32 0.32 0.32 0.32 0.32 0.32]
[0.32 0.32 0.32 0.32 0.32 0.32 0.32 0.32 0.32 0.32 0.32 0.32 0.32 0.32
 0.32 0.32 0.32 0.32 0.32 0.32 0.32 0.32 0.32 0.32 0.32 0.32]
[0.32 0.32 0.32 0.32 0.32 0.32 0.32 0.32 0.32 0.32 0.32 0.32 0.32 0.32
 0.32 0.32 0.32 0.32 0.32 0.32 0.32 0.32 0.32 0.32 0.32 0.32]
[0.32 0.32 0.32 0.32 0.32 0.32 0.32 0.32 0.32 0.32 0.32 0.32 0.32 0.32
 0.32 0.32 0.32 0.32 0.32 0.32 0.32 0.32 0.32 0.32 0.32 0.32]
[0.32 0.32 0.32 0.32 0.32 0.32 0.32 0.32 0.32 0.32 0.32 0.32 0.32 0.32
 0.32 0.32 0.32 0.32 0.32 0.32 0.32 0.32 0.32 0.32 0.32 0.32]
[0.32 0.32 0.32 0.32 0.32 0.32 0.32 0.32 0.32 0.32 0.32 0.32 0.32 0.32
 0.32 0.32 0.32 0.32 0.32 0.32 0.32 0.32 0.32 0.32 0.32 0.32]
[0.32 0.32 0.32 0.32 0.32 0.32 0.32 0.32 0.32 0.32 0.32 0.32 0.32 0.32
 0.32 0.32 0.32 0.32 0.32 0.32 0.32 0.32 0.32 0.32 0.32 0.32]
[0.32 0.32 0.32 0.32 0.32 0.32 0.32 0.32 0.32 0.32 0.32 0.32 0.32 0.32
 0.32 0.32 0.32 0.32 0.32 0.32 0.32 0.32 0.32 0.32 0.32 0.32]
[0.32 0.32 0.32 0.32 0.32 0.32 0.32 0.32 0.32 0.32 0.32 0.32 0.32 0.32
 0.32 0.32 0.32 0.32 0.32 0.32 0.32 0.32 0.32 0.32 0.32 0.32]
[0.32 0.32 0.32 0.32 0.32 0.32 0.32 0.32 0.32 0.32 0.32 0.32 0.32 0.32
 0.32 0.32 0.32 0.32 0.32 0.32 0.32 0.32 0.32 0.32 0.32 0.32]
[0.32 0.32 0.32 0.32 0.32 0.32 0.32 0.32 0.32 0.32 0.32 0.32 0.32 0.32
 0.32 0.32 0.32 0.32 0.32 0.32 0.32 0.32 0.32 0.32 0.32 0.32]
[0.32 0.32 0.32 0.32 0.32 0.32 0.32 0.32 0.32 0.32 0.32 0.32 0.32 0.32
 0.32 0.32 0.32 0.32 0.32 0.32 0.32 0.32 0.32 0.32 0.32 0.32]
[0.32 0.32 0.32 0.32 0.32 0.32 0.32 0.32 0.32 0.32 0.32 0.32 0.32 0.32
 0.32 0.32 0.32 0.32 0.32 0.32 0.32 0.32 0.32 0.32 0.32 0.32]
[0.32 0.32 0.32 0.32 0.32 0.32 0.32 0.32 0.32 0.32 0.32 0.32 0.32 0.32
 0.32 0.32 0.32 0.32 0.32 0.32 0.32 0.32 0.32 0.32 0.32 0.32]
[0.32 0.32 0.32 0.32 0.32 0.32 0.32 0.32 0.32 0.32 0.32 0.32 0.32 0.32
 0.32 0.32 0.32 0.32 0.32 0.32 0.32 0.32 0.32 0.32 0.32 0.32]
[0.32 0.32 0.32 0.32 0.32 0.32 0.32 0.32 0.32 0.32 0.32 0.32 0.32 0.32
 0.32 0.32 0.32 0.32 0.32 0.32 0.32 0.32 0.32 0.32 0.32 0.32]
[0.32 0.32 0.32 0.32 0.32 0.32 0.32 0.32 0.32 0.32 0.32 0.32 0.32 0.32
 0.32 0.32 0.32 0.32 0.32 0.32 0.32 0.32 0.32 0.32 0.32 0.32]
[0.32 0.32 0.32 0.32 0.32 0.32 0.32 0.32 0.32 0.32 0.32 0.32 0.32 0.32
 0.32 0.32 0.32 0.32 0.32 0.32 0.32 0.32 0.32 0.32 0.32 0.32]


D: 25 M: 0.24028114141347545 T: 300 alpha_c_idx: -1 alpha_f_idx: -1
[0.2  0.16 0.16 0.2  0.2  0.2  0.24 0.28 0.28 0.28 0.28 0.28 0.24 0.24
 0.24 0.24 0.24 0.24 0.2  0.2  0.2  0.2  0.2  0.2  0.2  0.2 ]
[0.16 0.16 0.16 0.16 0.2  0.2  0.24 0.24 0.28 0.28 0.28 0.24 0.24 0.24
 0.24 0.24 0.2  0.2  0.2  0.2  0.2  0.2  0.2  0.2  0.2  0.2 ]
[0.16 0.16 0.16 0.16 0.16 0.2  0.24 0.24 0.28 0.28 0.24 0.24 0.24 0.24
 0.2  0.2  0.2  0.2  0.2  0.2  0.2  0.2  0.2  0.2  0.2  0.2 ]
[0.16 0.16 0.16 0.16 0.16 0.2  0.24 0.24 0.24 0.24 0.24 0.24 0.2  0.2
 0.2  0.2  0.2  0.2  0.2  0.2  0.2  0.2  0.2  0.2  0.2  0.2 ]
[0.16 0.16 0.16 0.16 0.16 0.2  0.2  0.24 0.24 0.24 0.2  0.2  0.2  0.2
 0.16 0.16 0.16 0.16 0.16 0.16 0.16 0.16 0.16 0.16 0.16 0.16]
[0.16 0.16 0.16 0.16 0.16 0.2  0.2  0.2  0.2  0.2  0.2  0.2  0.2  0.2
 0.2  0.2  0.2  0.2  0.2  0.2  0.2  0.2  0.2  0.2  0.2  0.2 ]
[0.16 0.16 0.16 0.16 0.2  0.2  0.24 0.24 0.24 0.2  0.2  0.2  0.2  0.2
 0.2  0.2  0.2  0.2  0.2  0.2  0.2  0.2  0.2  0.2  0.2  0.2 ]
[0.2  0.2  0.2  0.2  0.2  0.2  0.24 0.24 0.24 0.24 0.24 0.2  0.2  0.2
 0.2  0.2  0.2  0.2  0.2  0.2  0.2  0.2  0.2  0.2  0.2  0.2 ]
[0.2  0.2  0.2  0.2  0.2  0.2  0.24 0.24 0.24 0.24 0.24 0.24 0.24 0.2
 0.2  0.2  0.2  0.2  0.2  0.2  0.2  0.2  0.2  0.2  0.2  0.2 ]
[0.2  0.2  0.2  0.2  0.2  0.2  0.24 0.28 0.28 0.28 0.24 0.24 0.24 0.24
 0.24 0.2  0.2  0.2  0.2  0.2  0.2  0.2  0.2  0.2  0.2  0.2 ]
[0.2  0.2  0.2  0.2  0.2  0.2  0.24 0.28 0.28 0.28 0.28 0.24 0.24 0.24
 0.24 0.24 0.24 0.2  0.2  0.2  0.2  0.2  0.2  0.2  0.2  0.2 ]
[0.2  0.2  0.2  0.2  0.2  0.2  0.24 0.28 0.28 0.28 0.28 0.24 0.24 0.24
 0.24 0.24 0.24 0.24 0.2  0.2  0.2  0.2  0.2  0.2  0.2  0.2 ]
[0.2  0.2  0.2  0.2  0.2  0.2  0.24 0.28 0.28 0.28 0.28 0.28 0.24 0.24
 0.24 0.24 0.24 0.24 0.24 0.2  0.2  0.2  0.2  0.2  0.2  0.2 ]
[0.2  0.2  0.2  0.2  0.2  0.2  0.24 0.28 0.28 0.28 0.28 0.28 0.24 0.24
 0.24 0.24 0.24 0.24 0.24 0.2  0.2  0.2  0.2  0.2  0.2  0.2 ]
[0.2  0.2  0.2  0.2  0.2  0.2  0.24 0.28 0.28 0.28 0.28 0.28 0.24 0.24
 0.24 0.24 0.24 0.24 0.24 0.2  0.2  0.2  0.2  0.2  0.2  0.2 ]
[0.2  0.2  0.2  0.2  0.2  0.2  0.24 0.28 0.28 0.28 0.28 0.28 0.24 0.24
 0.24 0.24 0.24 0.24 0.24 0.2  0.2  0.2  0.2  0.2  0.2  0.2 ]
[0.2  0.2  0.2  0.2  0.2  0.2  0.24 0.28 0.28 0.28 0.28 0.28 0.24 0.24
 0.24 0.24 0.24 0.24 0.24 0.2  0.2  0.2  0.2  0.2  0.2  0.2 ]
[0.2  0.2  0.2  0.2  0.2  0.2  0.24 0.28 0.28 0.28 0.28 0.28 0.24 0.24
 0.24 0.24 0.24 0.24 0.24 0.2  0.2  0.2  0.2  0.2  0.2  0.2 ]
[0.2  0.2  0.2  0.2  0.2  0.2  0.24 0.28 0.28 0.28 0.28 0.28 0.24 0.24
 0.24 0.24 0.24 0.24 0.24 0.2  0.2  0.2  0.2  0.2  0.2  0.2 ]
[0.2  0.2  0.2  0.2  0.2  0.2  0.24 0.28 0.28 0.28 0.28 0.28 0.24 0.24
 0.24 0.24 0.24 0.24 0.24 0.2  0.2  0.2  0.2  0.2  0.2  0.2 ]
[0.2  0.2  0.2  0.2  0.2  0.2  0.24 0.28 0.28 0.28 0.28 0.28 0.24 0.24
 0.24 0.24 0.24 0.24 0.2  0.2  0.2  0.2  0.2  0.2  0.2  0.2 ]
[0.2  0.2  0.2  0.2  0.2  0.2  0.24 0.28 0.28 0.28 0.28 0.28 0.24 0.24
 0.24 0.24 0.24 0.24 0.2  0.2  0.2  0.2  0.2  0.2  0.2  0.2 ]
[0.2  0.2  0.2  0.2  0.2  0.2  0.24 0.28 0.28 0.28 0.28 0.28 0.24 0.24
 0.24 0.24 0.24 0.24 0.2  0.2  0.2  0.2  0.2  0.2  0.2  0.2 ]
[0.2  0.2  0.2  0.2  0.2  0.2  0.24 0.28 0.28 0.28 0.28 0.28 0.24 0.24
 0.24 0.24 0.24 0.24 0.2  0.2  0.2  0.2  0.2  0.2  0.2  0.2 ]
[0.2  0.2  0.16 0.2  0.2  0.2  0.24 0.28 0.28 0.28 0.28 0.28 0.24 0.24
 0.24 0.24 0.24 0.24 0.2  0.2  0.2  0.2  0.2  0.2  0.2  0.2 ]
[0.2  0.16 0.16 0.2  0.2  0.2  0.24 0.28 0.28 0.28 0.28 0.28 0.24 0.24
 0.24 0.24 0.24 0.24 0.2  0.2  0.2  0.2  0.2  0.2  0.2  0.2 ]


D: 25 M: 0.24028114141347545 T: 300 alpha_c_idx: 24 alpha_f_idx: 24
[0.96 0.08 0.08 0.12 0.16 0.2  0.24 0.24 0.28 0.28 0.28 0.28 0.28 0.28
 0.96 0.96 0.96 0.96 0.96 0.96 0.96 0.96 0.96 0.96 0.96 0.96]
[0.04 0.08 0.08 0.12 0.16 0.2  0.2  0.24 0.24 0.28 0.28 0.28 0.28 0.24
 0.96 0.96 0.96 0.96 0.96 0.96 0.96 0.96 0.96 0.96 0.96 0.96]
[0.08 0.08 0.08 0.12 0.16 0.2  0.2  0.24 0.24 0.24 0.24 0.2  0.16 0.12
 0.08 0.08 0.08 0.96 0.96 0.96 0.96 0.96 0.96 0.96 0.96 0.96]
[0.08 0.08 0.12 0.12 0.16 0.16 0.2  0.2  0.16 0.12 0.12 0.12 0.12 0.12
 0.12 0.12 0.12 0.12 0.96 0.96 0.96 0.96 0.96 0.96 0.96 0.96]
[ 0.12  0.12  0.12  0.12  0.16  0.16  0.16  0.16  0.16  0.16  0.16  0.16
  0.16  0.16  0.16  0.16  0.16  0.16  0.16 -1.    0.96  0.96  0.96  0.96
  0.96  0.96]
[0.12 0.12 0.12 0.12 0.16 0.2  0.2  0.2  0.2  0.16 0.16 0.16 0.16 0.16
 0.16 0.16 0.16 0.16 0.16 0.16 0.2  0.96 0.96 0.96 0.96 0.96]
[0.12 0.12 0.12 0.12 0.16 0.2  0.24 0.2  0.2  0.2  0.2  0.2  0.2  0.2
 0.2  0.2  0.2  0.2  0.2  0.2  0.2  0.2  0.2  0.96 0.96 0.96]
[0.12 0.12 0.12 0.12 0.16 0.2  0.24 0.24 0.24 0.24 0.24 0.2  0.2  0.2
 0.2  0.2  0.2  0.2  0.2  0.2  0.2  0.2  0.2  0.2  0.2  0.2 ]
[0.12 0.12 0.12 0.12 0.16 0.2  0.24 0.24 0.28 0.24 0.24 0.24 0.24 0.24
 0.2  0.2  0.2  0.2  0.2  0.2  0.2  0.2  0.2  0.2  0.24 0.2 ]
[0.12 0.12 0.12 0.12 0.16 0.2  0.24 0.24 0.28 0.28 0.28 0.24 0.24 0.24
 0.24 0.24 0.24 0.24 0.24 0.24 0.24 0.24 0.24 0.24 0.24 0.24]
[0.12 0.12 0.12 0.12 0.16 0.2  0.24 0.24 0.28 0.28 0.28 0.28 0.24 0.24
 0.24 0.24 0.24 0.24 0.24 0.24 0.24 0.24 0.24 0.24 0.24 0.24]
[0.12 0.12 0.12 0.12 0.16 0.2  0.24 0.24 0.28 0.28 0.28 0.28 0.28 0.24
 0.24 0.24 0.24 0.24 0.24 0.24 0.24 0.24 0.24 0.24 0.24 0.24]
[0.12 0.12 0.12 0.12 0.16 0.2  0.24 0.24 0.28 0.28 0.28 0.28 0.28 0.28
 0.24 0.24 0.24 0.24 0.24 0.24 0.24 0.24 0.24 0.24 0.24 0.24]
[0.12 0.12 0.12 0.12 0.16 0.2  0.24 0.24 0.28 0.28 0.28 0.28 0.28 0.28
 0.28 0.24 0.24 0.24 0.24 0.24 0.24 0.24 0.24 0.24 0.24 0.24]
[0.12 0.12 0.12 0.12 0.16 0.2  0.24 0.24 0.28 0.28 0.28 0.28 0.28 0.28
 0.28 0.28 0.24 0.24 0.24 0.24 0.24 0.24 0.24 0.24 0.24 0.24]
[0.12 0.12 0.12 0.12 0.16 0.2  0.24 0.24 0.28 0.28 0.28 0.28 0.28 0.28
 0.28 0.28 0.24 0.24 0.24 0.24 0.24 0.24 0.24 0.24 0.24 0.24]
[0.12 0.12 0.12 0.12 0.16 0.2  0.24 0.24 0.28 0.28 0.28 0.28 0.28 0.28
 0.28 0.28 0.28 0.24 0.24 0.24 0.24 0.24 0.24 0.24 0.24 0.24]
[0.12 0.12 0.12 0.12 0.16 0.2  0.24 0.24 0.28 0.28 0.28 0.28 0.28 0.28
 0.28 0.28 0.28 0.24 0.24 0.24 0.24 0.24 0.24 0.24 0.24 0.24]
[0.12 0.12 0.12 0.16 0.16 0.2  0.24 0.24 0.28 0.28 0.28 0.28 0.28 0.28
 0.28 0.28 0.28 0.24 0.24 0.24 0.24 0.24 0.24 0.24 0.24 0.24]
[0.12 0.12 0.12 0.16 0.16 0.2  0.24 0.24 0.28 0.28 0.28 0.28 0.28 0.28
 0.28 0.28 0.28 0.24 0.24 0.24 0.24 0.24 0.24 0.24 0.24 0.24]
[0.12 0.12 0.12 0.16 0.16 0.2  0.24 0.24 0.28 0.28 0.28 0.28 0.28 0.28
 0.28 0.28 0.28 0.24 0.24 0.24 0.24 0.24 0.24 0.24 0.24 0.24]
[0.12 0.12 0.12 0.16 0.16 0.2  0.24 0.24 0.28 0.28 0.28 0.28 0.28 0.28
 0.28 0.28 0.28 0.24 0.24 0.24 0.24 0.24 0.24 0.24 0.24 0.24]
[0.16 0.12 0.16 0.16 0.16 0.2  0.24 0.24 0.28 0.28 0.28 0.28 0.28 0.28
 0.28 0.28 0.28 0.24 0.24 0.24 0.24 0.24 0.24 0.24 0.24 0.24]
[0.16 0.16 0.16 0.16 0.16 0.2  0.24 0.24 0.28 0.28 0.28 0.28 0.28 0.28
 0.28 0.28 0.28 0.24 0.24 0.24 0.24 0.24 0.24 0.24 0.24 0.24]
[0.96 0.08 0.08 0.12 0.16 0.2  0.24 0.24 0.28 0.28 0.28 0.28 0.28 0.28
 0.96 0.96 0.96 0.96 0.96 0.96 0.96 0.96 0.96 0.96 0.96 0.96]
[0.96 0.08 0.08 0.12 0.16 0.2  0.24 0.24 0.28 0.28 0.28 0.28 0.28 0.28
 0.96 0.96 0.96 0.96 0.96 0.96 0.96 0.96 0.96 0.96 0.96 0.96]


D: 30 M: 0.24028114141347545 T: 300 alpha_c_idx: -1 alpha_f_idx: -1
[0.16666667 0.16666667 0.16666667 0.16666667 0.16666667 0.2
 0.2        0.23333333 0.26666667 0.26666667 0.26666667 0.26666667
 0.26666667 0.26666667 0.26666667 0.26666667 0.23333333 0.23333333
 0.23333333 0.23333333 0.23333333 0.23333333 0.23333333 0.23333333
 0.2        0.2        0.2        0.2        0.2        0.2
 0.2       ]
[0.16666667 0.16666667 0.16666667 0.16666667 0.16666667 0.16666667
 0.2        0.23333333 0.26666667 0.26666667 0.26666667 0.26666667
 0.26666667 0.26666667 0.26666667 0.26666667 0.23333333 0.23333333
 0.23333333 0.23333333 0.23333333 0.23333333 0.2        0.2
 0.2        0.2        0.2        0.2        0.2        0.2
 0.2       ]
[0.16666667 0.16666667 0.16666667 0.16666667 0.16666667 0.16666667
 0.2        0.23333333 0.26666667 0.26666667 0.26666667 0.26666667
 0.26666667 0.26666667 0.26666667 0.23333333 0.23333333 0.23333333
 0.23333333 0.2        0.2        0.2        0.2        0.2
 0.2        0.2        0.2        0.2        0.2        0.2
 0.2       ]
[0.16666667 0.16666667 0.16666667 0.16666667 0.16666667 0.16666667
 0.2        0.23333333 0.23333333 0.26666667 0.26666667 0.26666667
 0.23333333 0.23333333 0.23333333 0.23333333 0.23333333 0.2
 0.2        0.2        0.2        0.2        0.2        0.2
 0.2        0.2        0.2        0.2        0.2        0.2
 0.2       ]
[0.13333333 0.13333333 0.13333333 0.16666667 0.16666667 0.16666667
 0.2        0.23333333 0.23333333 0.23333333 0.23333333 0.23333333
 0.23333333 0.23333333 0.2        0.2        0.2        0.2
 0.2        0.2        0.16666667 0.16666667 0.16666667 0.16666667
 0.16666667 0.16666667 0.16666667 0.16666667 0.16666667 0.16666667
 0.16666667]
[0.16666667 0.16666667 0.16666667 0.16666667 0.16666667 0.16666667
 0.2        0.2        0.23333333 0.23333333 0.2        0.2
 0.2        0.2        0.2        0.16666667 0.16666667 0.16666667
 0.16666667 0.16666667 0.16666667 0.16666667 0.16666667 0.16666667
 0.16666667 0.16666667 0.16666667 0.16666667 0.16666667 0.16666667
 0.16666667]
[0.16666667 0.16666667 0.16666667 0.16666667 0.16666667 0.16666667
 0.2        0.2        0.2        0.2        0.2        0.2
 0.2        0.2        0.2        0.2        0.2        0.2
 0.2        0.16666667 0.16666667 0.16666667 0.16666667 0.16666667
 0.16666667 0.16666667 0.16666667 0.16666667 0.16666667 0.16666667
 0.16666667]
[0.16666667 0.16666667 0.16666667 0.16666667 0.16666667 0.16666667
 0.2        0.23333333 0.23333333 0.23333333 0.23333333 0.2
 0.2        0.2        0.2        0.2        0.2        0.2
 0.2        0.2        0.2        0.2        0.2        0.2
 0.2        0.2        0.2        0.2        0.2        0.2
 0.2       ]
[0.16666667 0.16666667 0.16666667 0.16666667 0.16666667 0.16666667
 0.2        0.23333333 0.23333333 0.23333333 0.23333333 0.23333333
 0.23333333 0.2        0.2        0.2        0.2        0.2
 0.2        0.2        0.2        0.2        0.2        0.2
 0.2        0.2        0.2        0.2        0.2        0.2
 0.2       ]
[0.16666667 0.16666667 0.16666667 0.16666667 0.16666667 0.2
 0.2        0.23333333 0.26666667 0.26666667 0.23333333 0.23333333
 0.23333333 0.23333333 0.23333333 0.23333333 0.2        0.2
 0.2        0.2        0.2        0.2        0.2        0.2
 0.2        0.2        0.2        0.2        0.2        0.2
 0.2       ]
[0.2        0.2        0.16666667 0.16666667 0.2        0.2
 0.2        0.23333333 0.26666667 0.26666667 0.26666667 0.26666667
 0.23333333 0.23333333 0.23333333 0.23333333 0.23333333 0.23333333
 0.2        0.2        0.2        0.2        0.2        0.2
 0.2        0.2        0.2        0.2        0.2        0.2
 0.2       ]
[0.2        0.2        0.2        0.2        0.2        0.2
 0.2        0.23333333 0.26666667 0.26666667 0.26666667 0.26666667
 0.26666667 0.23333333 0.23333333 0.23333333 0.23333333 0.23333333
 0.23333333 0.23333333 0.23333333 0.2        0.2        0.2
 0.2        0.2        0.2        0.2        0.2        0.2
 0.2       ]
[0.2        0.2        0.2        0.2        0.2        0.2
 0.2        0.23333333 0.26666667 0.26666667 0.26666667 0.26666667
 0.26666667 0.26666667 0.23333333 0.23333333 0.23333333 0.23333333
 0.23333333 0.23333333 0.23333333 0.23333333 0.23333333 0.2
 0.2        0.2        0.2        0.2        0.2        0.2
 0.2       ]
[0.2        0.2        0.2        0.2        0.2        0.2
 0.2        0.23333333 0.26666667 0.26666667 0.26666667 0.26666667
 0.26666667 0.26666667 0.26666667 0.23333333 0.23333333 0.23333333
 0.23333333 0.23333333 0.23333333 0.23333333 0.23333333 0.23333333
 0.23333333 0.2        0.2        0.2        0.2        0.2
 0.2       ]
[0.2        0.2        0.2        0.2        0.2        0.2
 0.2        0.23333333 0.26666667 0.26666667 0.26666667 0.26666667
 0.26666667 0.26666667 0.26666667 0.26666667 0.23333333 0.23333333
 0.23333333 0.23333333 0.23333333 0.23333333 0.23333333 0.23333333
 0.23333333 0.23333333 0.23333333 0.23333333 0.2        0.2
 0.2       ]
[0.2        0.2        0.16666667 0.16666667 0.2        0.2
 0.2        0.23333333 0.26666667 0.26666667 0.26666667 0.26666667
 0.26666667 0.26666667 0.26666667 0.26666667 0.23333333 0.23333333
 0.23333333 0.23333333 0.23333333 0.23333333 0.23333333 0.23333333
 0.23333333 0.23333333 0.23333333 0.23333333 0.23333333 0.23333333
 0.23333333]
[0.2        0.2        0.16666667 0.16666667 0.2        0.2
 0.2        0.23333333 0.26666667 0.26666667 0.26666667 0.26666667
 0.26666667 0.26666667 0.26666667 0.26666667 0.23333333 0.23333333
 0.23333333 0.23333333 0.23333333 0.23333333 0.23333333 0.23333333
 0.23333333 0.23333333 0.23333333 0.23333333 0.23333333 0.23333333
 0.23333333]
[0.2        0.16666667 0.16666667 0.16666667 0.2        0.2
 0.2        0.23333333 0.26666667 0.26666667 0.26666667 0.26666667
 0.26666667 0.26666667 0.26666667 0.26666667 0.23333333 0.23333333
 0.23333333 0.23333333 0.23333333 0.23333333 0.23333333 0.23333333
 0.23333333 0.23333333 0.23333333 0.23333333 0.23333333 0.23333333
 0.23333333]
[0.16666667 0.16666667 0.16666667 0.16666667 0.16666667 0.2
 0.2        0.23333333 0.26666667 0.26666667 0.26666667 0.26666667
 0.26666667 0.26666667 0.26666667 0.26666667 0.26666667 0.23333333
 0.23333333 0.23333333 0.23333333 0.23333333 0.23333333 0.23333333
 0.23333333 0.23333333 0.23333333 0.23333333 0.2        0.2
 0.2       ]
[0.16666667 0.16666667 0.16666667 0.16666667 0.16666667 0.2
 0.2        0.23333333 0.26666667 0.26666667 0.26666667 0.26666667
 0.26666667 0.26666667 0.26666667 0.26666667 0.26666667 0.23333333
 0.23333333 0.23333333 0.23333333 0.23333333 0.23333333 0.23333333
 0.23333333 0.23333333 0.23333333 0.2        0.2        0.2
 0.2       ]
[0.16666667 0.16666667 0.16666667 0.16666667 0.16666667 0.2
 0.2        0.23333333 0.26666667 0.26666667 0.26666667 0.26666667
 0.26666667 0.26666667 0.26666667 0.26666667 0.26666667 0.23333333
 0.23333333 0.23333333 0.23333333 0.23333333 0.23333333 0.23333333
 0.23333333 0.23333333 0.23333333 0.2        0.2        0.2
 0.2       ]
[0.16666667 0.16666667 0.16666667 0.16666667 0.16666667 0.2
 0.2        0.23333333 0.26666667 0.26666667 0.26666667 0.26666667
 0.26666667 0.26666667 0.26666667 0.26666667 0.26666667 0.23333333
 0.23333333 0.23333333 0.23333333 0.23333333 0.23333333 0.23333333
 0.23333333 0.23333333 0.2        0.2        0.2        0.2
 0.2       ]
[0.16666667 0.16666667 0.16666667 0.16666667 0.16666667 0.2
 0.2        0.23333333 0.26666667 0.26666667 0.26666667 0.26666667
 0.26666667 0.26666667 0.26666667 0.26666667 0.26666667 0.23333333
 0.23333333 0.23333333 0.23333333 0.23333333 0.23333333 0.23333333
 0.23333333 0.23333333 0.2        0.2        0.2        0.2
 0.2       ]
[0.16666667 0.16666667 0.16666667 0.16666667 0.16666667 0.2
 0.2        0.23333333 0.26666667 0.26666667 0.26666667 0.26666667
 0.26666667 0.26666667 0.26666667 0.26666667 0.26666667 0.23333333
 0.23333333 0.23333333 0.23333333 0.23333333 0.23333333 0.23333333
 0.23333333 0.2        0.2        0.2        0.2        0.2
 0.2       ]
[0.16666667 0.16666667 0.16666667 0.16666667 0.16666667 0.2
 0.2        0.23333333 0.26666667 0.26666667 0.26666667 0.26666667
 0.26666667 0.26666667 0.26666667 0.26666667 0.26666667 0.23333333
 0.23333333 0.23333333 0.23333333 0.23333333 0.23333333 0.23333333
 0.23333333 0.2        0.2        0.2        0.2        0.2
 0.2       ]
[0.16666667 0.16666667 0.16666667 0.16666667 0.16666667 0.2
 0.2        0.23333333 0.26666667 0.26666667 0.26666667 0.26666667
 0.26666667 0.26666667 0.26666667 0.26666667 0.26666667 0.23333333
 0.23333333 0.23333333 0.23333333 0.23333333 0.23333333 0.23333333
 0.23333333 0.2        0.2        0.2        0.2        0.2
 0.2       ]
[0.16666667 0.16666667 0.16666667 0.16666667 0.16666667 0.2
 0.2        0.23333333 0.26666667 0.26666667 0.26666667 0.26666667
 0.26666667 0.26666667 0.26666667 0.26666667 0.26666667 0.23333333
 0.23333333 0.23333333 0.23333333 0.23333333 0.23333333 0.23333333
 0.23333333 0.2        0.2        0.2        0.2        0.2
 0.2       ]
[0.16666667 0.16666667 0.16666667 0.16666667 0.16666667 0.2
 0.2        0.23333333 0.26666667 0.26666667 0.26666667 0.26666667
 0.26666667 0.26666667 0.26666667 0.26666667 0.26666667 0.23333333
 0.23333333 0.23333333 0.23333333 0.23333333 0.23333333 0.23333333
 0.2        0.2        0.2        0.2        0.2        0.2
 0.2       ]
[0.16666667 0.16666667 0.16666667 0.16666667 0.16666667 0.2
 0.2        0.23333333 0.26666667 0.26666667 0.26666667 0.26666667
 0.26666667 0.26666667 0.26666667 0.26666667 0.26666667 0.23333333
 0.23333333 0.23333333 0.23333333 0.23333333 0.23333333 0.23333333
 0.2        0.2        0.2        0.2        0.2        0.2
 0.2       ]
[0.16666667 0.16666667 0.16666667 0.16666667 0.16666667 0.2
 0.2        0.23333333 0.26666667 0.26666667 0.26666667 0.26666667
 0.26666667 0.26666667 0.26666667 0.26666667 0.23333333 0.23333333
 0.23333333 0.23333333 0.23333333 0.23333333 0.23333333 0.23333333
 0.2        0.2        0.2        0.2        0.2        0.2
 0.2       ]
[0.16666667 0.16666667 0.16666667 0.16666667 0.16666667 0.2
 0.2        0.23333333 0.26666667 0.26666667 0.26666667 0.26666667
 0.26666667 0.26666667 0.26666667 0.26666667 0.23333333 0.23333333
 0.23333333 0.23333333 0.23333333 0.23333333 0.23333333 0.23333333
 0.2        0.2        0.2        0.2        0.2        0.2
 0.2       ]


D: 30 M: 0.23119742295813955 T: 350 alpha_c_idx: 30 alpha_f_idx: 30
[0.06666667 0.1        0.1        0.1        0.13333333 0.16666667
 0.2        0.23333333 0.23333333 0.26666667 0.26666667 0.26666667
 0.26666667 0.26666667 0.26666667 0.26666667 0.26666667 0.26666667
 0.26666667 0.26666667 0.23333333 0.23333333 0.23333333 0.23333333
 0.23333333 0.23333333 0.2        0.2        0.2        0.2
 0.16666667]
[0.06666667 0.06666667 0.1        0.1        0.13333333 0.16666667
 0.2        0.2        0.23333333 0.26666667 0.26666667 0.26666667
 0.26666667 0.26666667 0.26666667 0.26666667 0.26666667 0.23333333
 0.23333333 0.23333333 0.23333333 0.2        0.2        0.16666667
 0.16666667 0.13333333 0.1        0.1        0.1        0.06666667
 0.06666667]
[0.06666667 0.06666667 0.06666667 0.1        0.13333333 0.16666667
 0.2        0.2        0.23333333 0.23333333 0.23333333 0.23333333
 0.23333333 0.23333333 0.23333333 0.23333333 0.2        0.2
 0.16666667 0.13333333 0.13333333 0.1        0.1        0.1
 0.1        0.1        0.1        0.1        0.1        0.1
 0.06666667]
[0.1        0.1        0.1        0.1        0.13333333 0.16666667
 0.16666667 0.2        0.2        0.2        0.2        0.2
 0.2        0.16666667 0.13333333 0.13333333 0.1        0.1
 0.1        0.1        0.1        0.1        0.1        0.1
 0.1        0.1        0.1        0.1        0.1        0.1
 0.1       ]
[0.1        0.1        0.1        0.1        0.13333333 0.16666667
 0.16666667 0.16666667 0.16666667 0.16666667 0.13333333 0.13333333
 0.13333333 0.13333333 0.13333333 0.13333333 0.13333333 0.13333333
 0.13333333 0.13333333 0.13333333 0.13333333 0.13333333 0.13333333
 0.13333333 0.13333333 0.13333333 0.13333333 0.13333333 0.13333333
 0.13333333]
[0.1        0.1        0.1        0.1        0.13333333 0.16666667
 0.16666667 0.16666667 0.16666667 0.16666667 0.16666667 0.16666667
 0.16666667 0.16666667 0.13333333 0.13333333 0.13333333 0.13333333
 0.13333333 0.13333333 0.13333333 0.13333333 0.13333333 0.13333333
 0.13333333 0.13333333 0.13333333 0.13333333 0.13333333 0.13333333
 0.13333333]
[0.1        0.1        0.1        0.1        0.13333333 0.16666667
 0.2        0.2        0.2        0.16666667 0.16666667 0.16666667
 0.16666667 0.16666667 0.16666667 0.16666667 0.16666667 0.16666667
 0.16666667 0.16666667 0.16666667 0.16666667 0.16666667 0.16666667
 0.16666667 0.16666667 0.16666667 0.16666667 0.16666667 0.16666667
 0.16666667]
[0.1        0.1        0.1        0.1        0.13333333 0.16666667
 0.2        0.23333333 0.2        0.2        0.2        0.2
 0.2        0.2        0.2        0.16666667 0.16666667 0.16666667
 0.16666667 0.16666667 0.16666667 0.16666667 0.16666667 0.16666667
 0.16666667 0.16666667 0.16666667 0.16666667 0.16666667 0.16666667
 0.16666667]
[0.1        0.1        0.1        0.1        0.13333333 0.16666667
 0.2        0.23333333 0.23333333 0.23333333 0.23333333 0.2
 0.2        0.2        0.2        0.2        0.2        0.2
 0.2        0.2        0.2        0.2        0.16666667 0.16666667
 0.16666667 0.16666667 0.16666667 0.16666667 0.16666667 0.16666667
 0.16666667]
[0.1        0.1        0.1        0.1        0.13333333 0.16666667
 0.2        0.23333333 0.23333333 0.26666667 0.23333333 0.23333333
 0.23333333 0.23333333 0.2        0.2        0.2        0.2
 0.2        0.2        0.2        0.2        0.2        0.2
 0.2        0.2        0.2        0.16666667 0.16666667 0.16666667
 0.16666667]
[0.1        0.1        0.1        0.13333333 0.13333333 0.16666667
 0.2        0.23333333 0.23333333 0.26666667 0.26666667 0.26666667
 0.23333333 0.23333333 0.23333333 0.23333333 0.23333333 0.2
 0.2        0.2        0.2        0.2        0.2        0.2
 0.2        0.2        0.2        0.2        0.2        0.2
 0.2       ]
[0.1        0.1        0.1        0.13333333 0.13333333 0.16666667
 0.2        0.23333333 0.23333333 0.26666667 0.26666667 0.26666667
 0.26666667 0.26666667 0.23333333 0.23333333 0.23333333 0.23333333
 0.23333333 0.23333333 0.2        0.2        0.2        0.2
 0.2        0.2        0.2        0.2        0.2        0.2
 0.2       ]
[0.1        0.1        0.1        0.13333333 0.13333333 0.16666667
 0.2        0.23333333 0.23333333 0.26666667 0.26666667 0.26666667
 0.26666667 0.26666667 0.26666667 0.23333333 0.23333333 0.23333333
 0.23333333 0.23333333 0.23333333 0.23333333 0.2        0.2
 0.2        0.2        0.2        0.2        0.2        0.2
 0.2       ]
[0.1        0.1        0.1        0.13333333 0.13333333 0.16666667
 0.2        0.23333333 0.23333333 0.26666667 0.26666667 0.26666667
 0.26666667 0.26666667 0.26666667 0.26666667 0.26666667 0.23333333
 0.23333333 0.23333333 0.23333333 0.23333333 0.23333333 0.23333333
 0.2        0.2        0.2        0.2        0.2        0.2
 0.2       ]
[0.13333333 0.13333333 0.13333333 0.13333333 0.13333333 0.16666667
 0.2        0.23333333 0.23333333 0.26666667 0.26666667 0.26666667
 0.26666667 0.26666667 0.26666667 0.26666667 0.26666667 0.26666667
 0.23333333 0.23333333 0.23333333 0.23333333 0.23333333 0.23333333
 0.23333333 0.2        0.2        0.2        0.2        0.2
 0.2       ]
[0.13333333 0.13333333 0.13333333 0.13333333 0.13333333 0.16666667
 0.2        0.23333333 0.23333333 0.26666667 0.26666667 0.26666667
 0.26666667 0.26666667 0.26666667 0.26666667 0.26666667 0.26666667
 0.23333333 0.23333333 0.23333333 0.23333333 0.23333333 0.23333333
 0.23333333 0.23333333 0.2        0.2        0.2        0.2
 0.2       ]
[0.13333333 0.13333333 0.13333333 0.13333333 0.13333333 0.16666667
 0.2        0.23333333 0.23333333 0.26666667 0.26666667 0.26666667
 0.26666667 0.26666667 0.26666667 0.26666667 0.26666667 0.26666667
 0.26666667 0.23333333 0.23333333 0.23333333 0.23333333 0.23333333
 0.23333333 0.23333333 0.23333333 0.23333333 0.2        0.2
 0.2       ]
[0.13333333 0.13333333 0.13333333 0.13333333 0.13333333 0.16666667
 0.2        0.23333333 0.23333333 0.26666667 0.26666667 0.26666667
 0.26666667 0.26666667 0.26666667 0.26666667 0.26666667 0.26666667
 0.26666667 0.26666667 0.23333333 0.23333333 0.23333333 0.23333333
 0.23333333 0.23333333 0.23333333 0.23333333 0.23333333 0.23333333
 0.23333333]
[0.13333333 0.13333333 0.13333333 0.13333333 0.13333333 0.16666667
 0.2        0.23333333 0.23333333 0.26666667 0.26666667 0.26666667
 0.26666667 0.26666667 0.26666667 0.26666667 0.26666667 0.26666667
 0.26666667 0.26666667 0.23333333 0.23333333 0.23333333 0.23333333
 0.23333333 0.23333333 0.23333333 0.23333333 0.23333333 0.23333333
 0.23333333]
[0.13333333 0.13333333 0.13333333 0.13333333 0.13333333 0.16666667
 0.2        0.23333333 0.23333333 0.26666667 0.26666667 0.26666667
 0.26666667 0.26666667 0.26666667 0.26666667 0.26666667 0.26666667
 0.26666667 0.26666667 0.23333333 0.23333333 0.23333333 0.23333333
 0.23333333 0.23333333 0.23333333 0.23333333 0.23333333 0.23333333
 0.23333333]
[0.13333333 0.13333333 0.13333333 0.13333333 0.13333333 0.16666667
 0.2        0.23333333 0.23333333 0.26666667 0.26666667 0.26666667
 0.26666667 0.26666667 0.26666667 0.26666667 0.26666667 0.26666667
 0.26666667 0.26666667 0.26666667 0.23333333 0.23333333 0.23333333
 0.23333333 0.23333333 0.23333333 0.23333333 0.23333333 0.23333333
 0.23333333]
[0.13333333 0.13333333 0.13333333 0.13333333 0.13333333 0.16666667
 0.2        0.23333333 0.23333333 0.26666667 0.26666667 0.26666667
 0.26666667 0.26666667 0.26666667 0.26666667 0.26666667 0.26666667
 0.26666667 0.26666667 0.26666667 0.23333333 0.23333333 0.23333333
 0.23333333 0.23333333 0.23333333 0.23333333 0.23333333 0.23333333
 0.23333333]
[0.13333333 0.13333333 0.13333333 0.13333333 0.13333333 0.16666667
 0.2        0.23333333 0.23333333 0.26666667 0.26666667 0.26666667
 0.26666667 0.26666667 0.26666667 0.26666667 0.26666667 0.26666667
 0.26666667 0.26666667 0.26666667 0.23333333 0.23333333 0.23333333
 0.23333333 0.23333333 0.23333333 0.23333333 0.23333333 0.23333333
 0.23333333]
[0.13333333 0.13333333 0.13333333 0.13333333 0.13333333 0.16666667
 0.2        0.23333333 0.23333333 0.26666667 0.26666667 0.26666667
 0.26666667 0.26666667 0.26666667 0.26666667 0.26666667 0.26666667
 0.26666667 0.26666667 0.26666667 0.23333333 0.23333333 0.23333333
 0.23333333 0.23333333 0.23333333 0.23333333 0.23333333 0.23333333
 0.23333333]
[0.13333333 0.13333333 0.13333333 0.13333333 0.13333333 0.16666667
 0.2        0.23333333 0.23333333 0.26666667 0.26666667 0.26666667
 0.26666667 0.26666667 0.26666667 0.26666667 0.26666667 0.26666667
 0.26666667 0.26666667 0.26666667 0.23333333 0.23333333 0.23333333
 0.23333333 0.23333333 0.23333333 0.23333333 0.23333333 0.23333333
 0.23333333]
[0.13333333 0.13333333 0.13333333 0.13333333 0.13333333 0.16666667
 0.2        0.23333333 0.23333333 0.26666667 0.26666667 0.26666667
 0.26666667 0.26666667 0.26666667 0.26666667 0.26666667 0.26666667
 0.26666667 0.26666667 0.26666667 0.23333333 0.23333333 0.23333333
 0.23333333 0.23333333 0.23333333 0.23333333 0.23333333 0.23333333
 0.23333333]
[0.13333333 0.13333333 0.13333333 0.13333333 0.13333333 0.16666667
 0.2        0.23333333 0.23333333 0.26666667 0.26666667 0.26666667
 0.26666667 0.26666667 0.26666667 0.26666667 0.26666667 0.26666667
 0.26666667 0.26666667 0.26666667 0.23333333 0.23333333 0.23333333
 0.23333333 0.23333333 0.23333333 0.23333333 0.23333333 0.23333333
 0.23333333]
[0.13333333 0.13333333 0.13333333 0.13333333 0.13333333 0.16666667
 0.2        0.23333333 0.23333333 0.26666667 0.26666667 0.26666667
 0.26666667 0.26666667 0.26666667 0.26666667 0.26666667 0.26666667
 0.26666667 0.26666667 0.26666667 0.23333333 0.23333333 0.23333333
 0.23333333 0.23333333 0.23333333 0.23333333 0.23333333 0.23333333
 0.23333333]
[0.13333333 0.13333333 0.13333333 0.13333333 0.13333333 0.16666667
 0.2        0.23333333 0.23333333 0.26666667 0.26666667 0.26666667
 0.26666667 0.26666667 0.26666667 0.26666667 0.26666667 0.26666667
 0.26666667 0.26666667 0.26666667 0.23333333 0.23333333 0.23333333
 0.23333333 0.23333333 0.23333333 0.23333333 0.23333333 0.23333333
 0.23333333]
[0.13333333 0.13333333 0.13333333 0.13333333 0.13333333 0.16666667
 0.2        0.23333333 0.23333333 0.26666667 0.26666667 0.26666667
 0.26666667 0.26666667 0.26666667 0.26666667 0.26666667 0.26666667
 0.26666667 0.26666667 0.26666667 0.23333333 0.23333333 0.23333333
 0.23333333 0.23333333 0.23333333 0.23333333 0.23333333 0.23333333
 0.23333333]
[0.06666667 0.1        0.1        0.1        0.13333333 0.16666667
 0.2        0.23333333 0.23333333 0.26666667 0.26666667 0.26666667
 0.26666667 0.26666667 0.26666667 0.26666667 0.26666667 0.26666667
 0.26666667 0.26666667 0.23333333 0.23333333 0.23333333 0.23333333
 0.23333333 0.23333333 0.2        0.2        0.2        0.2
 0.16666667]

