D: 20 M: 0.24028114141347545 T: 300 alpha_c_idx: 10 alpha_f_idx: 5
[0.25 0.25 0.25 0.25 0.25 0.25 0.5  0.5  0.5  0.5  0.5  0.5  0.5  0.25
 0.25 0.25 0.25 0.25 0.25 0.25 0.25][0.25 0.25 0.25 0.25 0.25 0.25 0.5  0.5  0.5  0.5  0.5  0.5  0.5  0.25
 0.25 0.25 0.25 0.25 0.25 0.25 0.25][0.25 0.25 0.25 0.25 0.25 0.25 0.5  0.5  0.5  0.5  0.5  0.5  0.25 0.25
 0.25 0.25 0.25 0.25 0.25 0.25 0.25][0.25 0.25 0.25 0.25 0.25 0.25 0.5  0.5  0.5  0.5  0.5  0.25 0.25 0.25
 0.25 0.25 0.25 0.25 0.25 0.25 0.25][0.25 0.25 0.25 0.25 0.25 0.25 0.25 0.25 0.25 0.25 0.5  0.25 0.25 0.25
 0.25 0.25 0.25 0.25 0.25 0.25 0.25][0.25 0.25 0.25 0.25 0.25 0.25 0.25 0.25 0.25 0.25 0.25 0.25 0.25 0.25
 0.25 0.25 0.25 0.25 0.25 0.25 0.25][0.25 0.25 0.25 0.25 0.25 0.25 0.25 0.25 0.25 0.25 0.25 0.25 0.25 0.25
 0.25 0.25 0.25 0.25 0.25 0.25 0.25][0.25 0.25 0.25 0.25 0.25 0.25 0.25 0.25 0.25 0.25 0.25 0.25 0.25 0.25
 0.25 0.25 0.25 0.25 0.25 0.25 0.25][0.25 0.25 0.25 0.25 0.25 0.25 0.25 0.25 0.25 0.25 0.25 0.25 0.25 0.25
 0.25 0.25 0.25 0.25 0.25 0.25 0.25][0.25 0.25 0.25 0.25 0.25 0.25 0.25 0.25 0.25 0.25 0.25 0.25 0.25 0.25
 0.25 0.25 0.25 0.25 0.25 0.25 0.25][0.25 0.25 0.25 0.25 0.25 0.25 0.5  0.5  0.5  0.5  0.5  0.5  0.5  0.25
 0.25 0.25 0.25 0.25 0.25 0.25 0.25][0.25 0.25 0.25 0.25 0.25 0.25 0.5  0.5  0.5  0.5  0.5  0.5  0.5  0.25
 0.25 0.25 0.25 0.25 0.25 0.25 0.25][0.25 0.25 0.25 0.25 0.25 0.25 0.5  0.5  0.5  0.5  0.5  0.5  0.5  0.25
 0.25 0.25 0.25 0.25 0.25 0.25 0.25][0.25 0.25 0.25 0.25 0.25 0.25 0.5  0.5  0.5  0.5  0.5  0.5  0.5  0.25
 0.25 0.25 0.25 0.25 0.25 0.25 0.25][0.25 0.25 0.25 0.25 0.25 0.25 0.5  0.5  0.5  0.5  0.5  0.5  0.5  0.25
 0.25 0.25 0.25 0.25 0.25 0.25 0.25][0.25 0.25 0.25 0.25 0.25 0.25 0.5  0.5  0.5  0.5  0.5  0.5  0.5  0.25
 0.25 0.25 0.25 0.25 0.25 0.25 0.25][0.25 0.25 0.25 0.25 0.25 0.25 0.5  0.5  0.5  0.5  0.5  0.5  0.5  0.25
 0.25 0.25 0.25 0.25 0.25 0.25 0.25][0.25 0.25 0.25 0.25 0.25 0.25 0.5  0.5  0.5  0.5  0.5  0.5  0.5  0.25
 0.25 0.25 0.25 0.25 0.25 0.25 0.25][0.25 0.25 0.25 0.25 0.25 0.25 0.5  0.5  0.5  0.5  0.5  0.5  0.5  0.25
 0.25 0.25 0.25 0.25 0.25 0.25 0.25][0.25 0.25 0.25 0.25 0.25 0.25 0.5  0.5  0.5  0.5  0.5  0.5  0.5  0.25
 0.25 0.25 0.25 0.25 0.25 0.25 0.25][0.25 0.25 0.25 0.25 0.25 0.25 0.5  0.5  0.5  0.5  0.5  0.5  0.5  0.25
 0.25 0.25 0.25 0.25 0.25 0.25 0.25]